10
wasp.scan40.gf1.txt
1.0 0.0 0.0
0.0 1.0 0.0
0.0 0.0 1.0
wasp.scan41.gf1.txt
1.0 0.0 0.0
0.0 1.0 0.0
0.0 0.0 1.0
wasp.scan42.gf1.txt
1.0 0.0 0.0
0.0 1.0 0.0
0.0 0.0 1.0
wasp.scan43.gf1.txt
1.0 0.0 0.0
0.0 1.0 0.0
0.0 0.0 1.0
wasp.scan44.gf1.txt
1.0 0.0 0.0
0.0 1.0 0.0
0.0 0.0 1.0
wasp.scan45.gf1.txt
1.0 0.0 0.0
0.0 1.0 0.0
0.0 0.0 1.0
wasp.scan46.gf1.txt
1.0 0.0 0.0
0.0 1.0 0.0
0.0 0.0 1.0
wasp.scan47.gf1.txt
1.0 0.0 0.0
0.0 1.0 0.0
0.0 0.0 1.0
wasp.scan48.gf1.txt
1.0 0.0 0.0
0.0 1.0 0.0
0.0 0.0 1.0
wasp.scan49.gf1.txt
1.0 0.0 0.0
0.0 1.0 0.0
0.0 0.0 1.0
